12 20 0 23 0 36 
0 13 0 0 0 25 
14 0 0 1 26 0 
15 0 0 2 0 33 
0 16 0 0 0 0 
0 6 4 0 0 31 ;

0 0 0 35 0 20 
31 0 36 17 21 0 
0 26 25 15 0 0 
0 28 0 0 0 0 
0 3 0 0 8 10 
1 4 6 0 0 0 ;

36 15 0 0 0 0 
0 35 0 0 5 6 
0 34 1 0 0 0 
0 33 0 9 20 0 
0 0 29 0 22 23 
0 0 28 26 0 0 ;

9 0 0 1 18 0 
0 0 4 0 20 0 
0 0 0 6 0 0 
12 32 0 0 0 23 
0 31 33 29 0 25 
36 0 0 0 27 0 ;

0 0 0 0 0 27 
0 0 32 0 28 0 
0 6 12 13 0 0 
0 7 0 0 36 0 
3 0 0 17 0 22 
0 1 0 0 19 21 ;

0 28 0 0 0 22 
0 30 26 24 0 0 
0 0 33 0 0 1 
0 0 8 0 4 19 
12 0 0 0 0 0 
0 0 15 0 0 36 ;

34 0 0 22 29 0 
33 36 24 0 0 0 
7 0 0 0 0 0 
0 0 13 0 18 0 
0 0 0 4 0 0 
11 0 0 0 1 0 ;

0 0 0 0 0 20 
0 1 0 8 0 0 
11 4 0 0 32 0 
0 0 15 0 0 0 
0 0 0 24 0 28 
36 0 0 0 0 0 ;

0 0 0 24 22 0 
6 0 0 0 0 0 
3 5 0 10 0 19 
30 0 28 0 0 17 
0 0 1 0 12 0 
0 0 0 36 14 0 ;

0 0 0 0 1 0 
0 36 5 0 0 8 
0 31 0 0 0 0 
32 0 0 22 12 0 
0 25 0 19 17 0 
28 0 0 0 18 0 ;

0 0 0 39 7 0 0 
0 42 0 0 13 0 0 
45 0 15 0 0 4 9 
0 0 0 35 0 2 0 
0 47 0 0 32 0 1 
48 0 0 0 0 25 0 
49 19 21 23 24 0 28 ;

40 39 0 0 45 0 0 
0 0 43 44 0 48 49 
23 0 0 17 16 0 1 
0 22 0 27 0 0 0 
0 0 0 33 13 0 0 
0 29 0 11 0 0 0 
0 31 0 9 0 5 0 ;

0 13 0 7 0 39 37 
11 0 0 0 0 36 0 
0 0 0 15 0 42 0 
0 27 28 16 0 43 0 
0 23 0 0 0 3 0 
0 0 0 0 0 0 32 
0 20 49 47 0 0 1 ;

0 31 0 10 0 0 1 
0 0 0 12 0 4 0 
0 0 33 26 0 0 6 
0 24 0 0 15 0 0 
37 0 0 19 0 17 46 
0 36 0 42 0 0 0 
0 0 0 0 44 0 49 ;

3 0 0 0 22 0 0 
0 1 0 7 0 0 26 
44 0 0 0 0 0 20 
45 43 0 0 39 19 0 
49 0 0 0 0 0 0 
0 11 0 34 36 0 0 
12 14 0 0 0 32 31 ;

0 29 0 0 0 38 0 
0 45 30 0 37 0 40 
0 26 32 0 0 0 1 
0 0 0 34 7 0 0 
0 0 0 0 8 0 5 
0 29 0 23 12 0 0 
17 0 19 0 0 0 0 ;

0 0 0 0 0 0 0 
1 0 36 28 0 44 43 
0 0 0 0 27 0 0 
0 0 5 26 0 0 31 
0 0 0 16 12 0 47 
0 0 17 0 0 0 0 
0 0 0 0 0 14 49 ;

0 0 0 0 0 26 0 0 
58 56 0 41 23 0 29 30 
0 0 0 0 0 21 32 0 
0 46 0 0 0 39 33 0 
53 0 47 0 17 0 0 0 
0 0 62 0 12 0 15 36 
49 0 0 0 0 0 0 1 
0 64 8 0 0 0 2 0 ;

0 0 0 0 0 50 40 0 
28 27 0 46 0 0 0 0 
0 30 23 0 44 0 0 0 
0 0 0 0 2 1 37 0 
0 13 0 32 0 0 55 54 
0 10 0 0 0 6 35 0 
0 15 19 0 0 0 0 0 
17 0 64 0 0 61 58 0 ;

0 0 0 9 0 5 3 0 
62 0 0 0 8 0 0 1 
59 0 64 0 54 0 0 0 
0 0 57 0 14 0 28 0 
0 44 0 0 48 15 27 30 
0 0 0 35 0 0 32 0 
38 40 0 0 0 0 0 0 
0 0 0 0 20 0 0 23 ;

22 1 0 0 39 0 0 33 
0 0 24 0 0 0 36 32 
0 14 0 0 0 0 0 0 
15 0 0 5 43 0 29 0 
64 0 0 0 0 0 28 0 
0 0 0 0 9 0 0 0 
60 0 58 0 53 0 50 0 
0 0 0 57 54 0 0 49 ;

0 0 20 0 0 60 62 0 
0 19 16 0 0 61 0 64 
0 0 0 0 0 0 57 0 
5 0 1 25 24 0 0 0 
36 0 38 0 10 0 0 0 
0 0 0 9 0 51 0 0 
32 0 0 0 0 46 0 0 
0 0 0 29 41 0 43 44 ;

0 0 0 51 0 0 0 40 
0 47 46 52 0 0 37 0 
29 0 0 44 0 0 0 0 
0 0 0 0 0 0 0 56 
5 0 0 26 13 0 0 57 
0 0 0 0 60 0 0 0 
0 10 0 61 0 0 0 18 
64 0 0 0 1 0 0 0 ;

0 0 0 0 0 0 0 47 
0 61 0 0 0 3 45 0 
0 0 0 10 54 1 0 44 
0 0 57 0 52 0 0 0 
0 21 64 12 0 0 0 41 
0 26 20 29 0 0 0 40 
0 0 0 0 0 0 0 0 
0 0 16 0 0 34 36 0 ;

0 0 7 8 0 0 11 12 0 
4 0 0 0 17 0 15 0 81 
0 21 22 23 0 16 0 0 0 
0 0 0 31 0 29 28 79 77 
0 1 0 0 73 0 0 0 0 
0 36 70 69 0 67 0 64 63 
0 38 0 0 41 0 65 0 61 
48 0 45 44 0 0 0 0 0 
0 46 0 0 52 55 56 58 0 ;

3 1 0 0 8 0 0 11 12 
0 0 5 19 0 0 81 0 14 
0 0 0 0 79 80 0 0 71 
23 0 0 76 0 0 73 0 0 
0 25 0 0 32 33 0 0 68 
27 28 30 37 0 0 66 0 0 
0 0 0 0 48 0 50 0 0 
41 42 0 53 0 0 57 0 60 
0 44 0 0 52 0 0 0 61 ;

12 0 0 9 8 81 0 0 0 
0 15 0 0 0 7 26 77 0 
0 0 20 21 0 0 0 28 0 
18 0 0 0 24 3 0 74 0 
0 55 0 0 31 0 0 72 0 
0 0 33 59 0 0 1 70 0 
0 35 0 0 46 0 68 66 0 
0 0 37 0 39 0 0 65 0 
0 50 0 38 0 0 42 0 64 ;

0 0 0 0 0 8 9 0 0 
0 0 0 0 15 0 0 12 81 
0 1 0 16 0 27 0 44 0 
0 23 32 0 0 29 0 0 0 
0 21 0 40 41 0 0 0 47 
0 0 0 0 0 77 60 0 0 
0 0 0 0 74 0 49 0 0 
37 70 72 66 0 0 0 56 54 
0 0 0 64 63 0 0 0 0 ;

0 0 13 14 0 0 17 0 0 
0 0 0 0 23 22 0 20 34 
0 27 28 29 0 0 32 0 0 
0 0 41 0 39 38 0 0 0 
43 42 0 47 0 81 0 0 78 
0 45 0 0 0 0 0 0 0 
0 0 0 0 0 0 64 1 74 
53 0 57 58 0 65 68 0 73 
55 56 0 0 0 0 70 71 72 ;

0 0 36 0 0 39 0 0 5 
0 0 0 43 0 0 0 0 0 
46 32 0 0 41 12 2 0 81 
0 0 0 0 14 0 1 1 0 
0 49 26 29 0 0 0 0 78 
0 0 0 0 23 16 0 0 75 
53 0 55 0 22 19 0 76 0 
0 0 62 0 0 0 69 70 0 
0 61 0 65 64 0 0 0 71 ;

39 0 0 0 32 0 67 69 0 
0 40 36 35 34 0 0 0 0 
41 0 0 0 0 0 27 73 0 
0 0 44 64 0 0 25 0 0 
0 45 0 1 63 19 0 0 0 
0 60 0 0 0 20 0 0 23 
0 0 0 0 0 0 0 0 0 
51 0 0 55 0 0 13 0 81 
0 0 0 0 0 12 0 0 80 ;

11 0 13 0 0 20 0 0 0 
0 16 0 18 72 0 70 0 0 
7 0 0 74 0 69 0 26 28 
0 8 0 0 0 0 30 0 0 
0 0 0 65 32 33 34 0 0 
0 78 0 0 63 62 0 38 0 
3 0 0 0 0 0 41 0 0 
0 80 0 0 53 50 0 43 0 
81 1 55 52 0 0 0 0 0 ;

0 0 0 0 0 0 0 24 0 
0 12 13 0 21 0 0 0 43 
0 16 0 0 30 0 0 0 0 
17 0 19 0 0 0 0 0 0 
34 33 0 0 0 48 47 0 1 
0 0 37 0 0 0 0 0 0 
53 52 0 77 0 0 0 71 0 
0 55 0 0 0 0 64 66 0 
81 0 79 0 62 0 0 0 68 ;
